$ANSIBLE_VAULT;1.1;AES256
65353534343635636164376137653163613238643930303362343339633561376131386334333164
3864383939616138356237383936313939363239653133370a616466396532333765643038356330
63633662663565373530373966326130363134353037376238643938353033626331336362303766
6363346330616565330a616133393433653538363639656236323564643132613165333562356638
33306536613236663065366564343565316333326230303666656538373637656134313639373137
31326561316433343735316363633335663032616265326661626238663233313863313661643734
30323235356433363032373330396633663039623964353866646661353663356464333738316230
33626231643735646235343164393330356236373435356631623732333931313739663233643662
39666232306535363038306163313030356238633835653462316565303634303733616433653336
35666134626639333137346334656131363739313465616365323962323230626438313664636661
30393636626137333662643732373631363438653637306361663432643539623738373431336431
31316361323231616330393431306438653464656261623033643361663836366638626535623131
63376133303832323561376432336362643433623631663432303362623436633431353764633531
32663062366434623835623536653462323363306630623832333939623766613266616230366261
34386366343535336431633634623764303038373561633335616339663764633532396536323931
62303434323331633139323932376632616262303431623565643434336464656464366462636439
30623538323963633536633766613634666138353165646562323839656636343532356462393836
65363462343762666433313862386235656532353663643337316166383862383035316630326461
34343238363532393262643632313034653733653939626664643637333064333339363230313839
61383331393632323865663931383564633134613233363433303862343731333264636333316135
37376139353136643938623135613961333562376338313762643462376466356266343964656539
32303764343238613437343034663939653933323963306338656362333566666361643338616335
30316332623466346434623663363737623337386337653563623938303235396437343735323864
37326331303236646633613132306432363833616632656662373034323134333432336433353833
38363938313634396566616666363861356534326431616263316632393133373230333130346639
64383262383565366537313236663265316437343435373365383966396530313564306632343439
31643637646434636662373235633334376166646566393863653336383162326636613530636165
39393930396531666565303639643838393261376532376436346334663531383532366361303664
3365
