$ANSIBLE_VAULT;1.1;AES256
63316365386430316266346437656230616666376465653432663236646333346566373665636632
3364306566346330313961333561376165643238666139360a663338316166653333366237616163
65643964386362626436313463316536643961613263656361393639363130333837636532653837
6163623233303763390a366334376430393063376165363235396464323061653933623264323666
62363531326462306238636639393837656437653935636234316539636133363061336237386666
37663164653439356430386435653539613430663733323064393166613463386131366462663039
32376539373332376632636361376234316531373262666662316633336334616133613761333763
38613330386638373034376666303665356230306530653162636136623261323833336135333632
33613937656263373134623661353837653936323863383530646231653939623139313562383239
62363933626630343934373433333632343533353034343030363536326233343236393566353661
63323034396462383231356439643462626537303638306138363765393038306230626662313765
65313539333661333461666639653230623330353334623832386365323565366438303234313930
66323662313431323862636231346236633862386336383933633136356431633062353334626261
61356665616431373662383162346637626264353264646230366131346331383630353333633233
31623838303138353461396536363239656138636364353464303866303764333136633265303666
36663765653531366564323139306439316534643534303430643839343938333163393230613735
65303463356664343939356264626364333839373532303364316563393834643733353437363633
31376165323238353233646238663231666663623263306161366231306466666366373331343364
31636366353865343363383137616137313365633063656564393664326531303332666266366637
36363965366165393031633131646438653366626564643037633861623839313062353233356131
30303761363265333863333735656261333838613237373161303435386134376463666237613938
31633364323766666265386436303766363330633537336637316662313565383133343466303562
36663164313164333038303735646436623333323962623761306561393239613133653861323739
33363531313331313961663332396333366363363963666231623531623832303261663065366130
33663836646439386333363265373764666566616630656362383264323037386435663139393132
63376631326665366238393832393439346236343833643232633964313638306664663636313939
34643234393133636463326661646230356439303231386162306566653862323834336332306162
30346538346431663766
