$ANSIBLE_VAULT;1.1;AES256
37323564633965343639386532313732373430306432396634666137663636643961613932616330
6331356436633364383236663165313138636661666638380a326661373961343636306438643435
39663762643038316263313639353030316331313833336132323933636161666238376561633431
6264636133316462350a613636666165323432376466336234616232316263623439333263626235
35393830333762313439356666663930636138363433646635376462373861396466353631656462
31613834303761306165653636323034306166393565346533343033326134623932626130396565
62323763353639633861396632653331393739343965613331623534326633633230626365353530
32383732323738393363366165356331306266626636666163303262393865316134333762386665
65353333386264616437626430373634316433653233643538363737396162376330613335626637
32326439393537613263383532346438646436386639366661393763663838326362353561363038
30386531363963333037636330653566373561663339633561353530626165336134373464313837
30396434373564336562626632376335366234363335613764633966643635666564373635633638
63303265616333633866356439343364356666383166316363613730303538386635396264383563
61663738653332623335376531386430373433356438366565623162306431363734306462646335
66663435656431633538363036613161316565386437326633336462363635346537626330313531
65613533346638643662353938393938653234616539313765323165626435643139366234646239
61396261336637396666613532313338653766633966346535656234393332363761633733623139
66383139626631626365303439306137326638613930626564366138626461306564623732653232
38333233356464306436346264393538363035303862393837306561623537396662313935613062
61376630623664623334666463626566353937303361366433366132663630373736636330383866
31663835646266363365386231346138623030326131643664316137376536306134313237393764
39633064343230626562313766323237653132316130333236326330373732653232646165376561
36343864663666616161656661326165303032316163656430323332613063336361623130346466
64653164333162323835663234363432393036343763376234353833383162626135353934643962
61663433303934623238303635313239303436353333346364626165613834343466326566353832
32313430326236383064316563393439613732363437306631343637383732396336336661393238
31653634633365333436643765643436653666333134323538353261623762656363663538396237
30333262343665353963
