$ANSIBLE_VAULT;1.1;AES256
31643566643638663162663436393431383830323838613036363331636636616235343363663934
6265363066653534643235306636666136636237633836630a363430356535396535376664656131
32383730343062653739666631616139343361336465336233316235363338303565393766383333
3666343665623635640a366137616661376164623762363435616330666634623039623166363738
31663963363166333834626564313133623262366564353563346334376362366633623239313161
61353536366237633764353261613937316533653136653064393965353437323765316132646638
34376462316636383666616338373933623132383735373662373437333561303362343337613161
62386134663939306362393364623065373734613834666563363466396163626231656236343939
35656134303534316233306466366537613961653266393137303738356634333763326565306533
38623936346564613831646231383766383564326134363535663931306432363864323765613764
30383635363136383830613462353331316563376331633766303932323833626466626161376432
63613663393563366266313736313734393661626633636134303862333563663733366531343734
30396666633261653565363733633235643031373134623666393464343065366336333135356536
62616165323330386366373638373766373830326134353837656538633861613232316463633535
65313339373364623233643261393762353736333061656630373032643439316664303534663564
66316566316437623735393064613937313337623364663139666334613932633435623734666234
31303762643663303735653634626561616464326531306137353165393964336464356639623265
37623836393231373939336163353438326262633034383933303339343938633136393633663332
35653461336638623662303261383232643531653465373761663634383430386265303363363461
62656532386266316537303836323766396331363430663135383966356434633065373738373635
61663939363132633766393564613230663664356436363534616431353638333731306434653164
64653462643232386332323666613734373531396164653130656264313861646432613266623938
63366233323666643333386465323434373336366232393339646331393035373332393266663561
39353630343933346464656164666434316630663235366432333731366463353864353635656265
62323263333736393231646330656435636164326365353835613731303830323037303735633261
66616631633063383732333437323534613066653637373261346463326436356430613862393063
32633738313530383838663765356462313032633830386638383466373134346134633232386663
33376265313036396666616539656433396332363036613838653735656633613130363132303631
6365
